-6.449473315895559722e-02 -4.952303229571064058e+00 -2.428176970601952860e+02 -4.826380230368672919e+00 -2.428176970601952860e+02 -5.005376908782462664e+00 -2.428176970601952860e+02 -4.663751753847728665e+00 -2.428176970601952860e+02 -5.767966298064508557e+00 -2.428176970601952860e+02 -4.735141749934402178e+00 -2.428176970601952860e+02 -4.966317472945876332e+00 -2.428176970601952860e+02 -5.262774492016774275e+00 -2.428176970601952860e+02 -5.413203293076306544e+00 -2.428176970601952860e+02 -5.903747410423046738e+00 -2.428176970601952860e+02
-8.230577217146453961e+00 -2.384890865165510263e+02 -2.664180114333447591e-04 -2.384890865165510263e+02 -2.384890865165510263e+02 -2.384890865165510263e+02 -2.384890865165510263e+02 -2.384890865165510263e+02 -2.384890865165510263e+02 -2.384890865165510263e+02 -2.384890865165510263e+02 -2.384890865165510263e+02 -2.384890865165510263e+02 -2.384890865165510263e+02 -2.384890865165510263e+02 -2.384890865165510263e+02 -2.384890865165510263e+02 -2.384890865165510263e+02 -2.384890865165510263e+02 -2.384890865165510263e+02 -2.384890865165510263e+02
-9.981474842735025277e-01 -5.152513167991971343e+00 -5.020387400874728456e-01 -2.393622661859779726e+02 -2.393622661859779726e+02 -8.005144597905289316e+00 -2.393622661859779726e+02 -6.331168164333616843e+00 -2.393622661859779726e+02 -8.005144597905289316e+00 -2.393622661859779726e+02 -6.538807529111862138e+00 -2.393622661859779726e+02 -4.291572531200981366e+00 -2.393622661859779726e+02 -8.410609706013453035e+00 -2.393622661859779726e+02 -2.393622661859779726e+02 -2.393622661859779726e+02 -5.968262670644248757e+00 -2.393622661859779726e+02
-5.166465235443234327e+00 -2.382581878789040388e+02 -2.382581878789040388e+02 -2.382581878789040388e+02 -5.721031925885355918e-03 -2.382581878789040388e+02 -2.382581878789040388e+02 -2.382581878789040388e+02 -2.382581878789040388e+02 -2.382581878789040388e+02 -2.382581878789040388e+02 -2.382581878789040388e+02 -2.382581878789040388e+02 -2.382581878789040388e+02 -2.382581878789040388e+02 -2.382581878789040388e+02 -2.382581878789040388e+02 -2.382581878789040388e+02 -2.382581878789040388e+02 -2.382581878789040388e+02 -2.382581878789040388e+02
-1.428316558895514454e+00 -6.651756426510800679e+00 -2.395493230555306354e+02 -6.892918483327688861e+00 -3.145515005168668665e-01 -6.582763555023849023e+00 -2.395493230555306354e+02 -7.344903607070746077e+00 -2.395493230555306354e+02 -2.395493230555306354e+02 -2.395493230555306354e+02 -6.246291318402636961e+00 -2.395493230555306354e+02 -3.741737671230839446e+00 -2.395493230555306354e+02 -2.395493230555306354e+02 -2.395493230555306354e+02 -2.395493230555306354e+02 -2.395493230555306354e+02 -2.395493230555306354e+02 -8.597666575566114133e+00
-2.380316829798871083e+02 -2.380316829798871083e+02 -2.380316829798871083e+02 -2.380316829798871083e+02 -2.380316829798871083e+02 -2.380316829798871083e+02 0.000000000000000000e+00 -2.380316829798871083e+02 -2.380316829798871083e+02 -2.380316829798871083e+02 -2.380316829798871083e+02 -2.380316829798871083e+02 -2.380316829798871083e+02 -2.380316829798871083e+02 -2.380316829798871083e+02 -2.380316829798871083e+02 -2.380316829798871083e+02 -2.380316829798871083e+02 -2.380316829798871083e+02 -2.380316829798871083e+02 -2.380316829798871083e+02
-1.654156428368025011e+00 -7.687722151494642553e+00 -2.395556693633333225e+02 -9.297160063928743057e+00 -2.395556693633333225e+02 -5.800652502462263271e+00 -2.206940005088888768e-01 -2.395556693633333225e+02 -2.395556693633333225e+02 -2.395556693633333225e+02 -2.395556693633333225e+02 -2.395556693633333225e+02 -2.395556693633333225e+02 -5.770799539312581494e+00 -2.395556693633333225e+02 -2.395556693633333225e+02 -2.395556693633333225e+02 -2.395556693633333225e+02 -2.395556693633333225e+02 -9.297160063928743057e+00 -2.395556693633333225e+02
-2.383325355155286331e+02 -2.383325355155286331e+02 -2.383325355155286331e+02 -2.383325355155286331e+02 -2.383325355155286331e+02 -2.383325355155286331e+02 -2.383325355155286331e+02 -2.383325355155286331e+02 0.000000000000000000e+00 -2.383325355155286331e+02 -2.383325355155286331e+02 -2.383325355155286331e+02 -2.383325355155286331e+02 -2.383325355155286331e+02 -2.383325355155286331e+02 -2.383325355155286331e+02 -2.383325355155286331e+02 -2.383325355155286331e+02 -2.383325355155286331e+02 -2.383325355155286331e+02 -2.383325355155286331e+02
-1.130634032374590703e+00 -6.905530583960025837e+00 -2.393612644607008235e+02 -8.409607980736300448e+00 -2.393612644607008235e+02 -7.023313619616409653e+00 -2.393612644607008235e+02 -5.296092671525926221e+00 -4.287291758532205677e-01 -2.393612644607008235e+02 -2.393612644607008235e+02 -7.156845012240932391e+00 -2.393612644607008235e+02 -4.027581346062419243e+00 -2.393612644607008235e+02 -9.102755161296245845e+00 -2.393612644607008235e+02 -2.393612644607008235e+02 -2.393612644607008235e+02 -2.393612644607008235e+02 -2.393612644607008235e+02
-2.372822682541430197e+02 -2.372822682541430197e+02 -2.372822682541430197e+02 -2.372822682541430197e+02 -2.372822682541430197e+02 -2.372822682541430197e+02 -2.372822682541430197e+02 -2.372822682541430197e+02 -2.372822682541430197e+02 -2.372822682541430197e+02 0.000000000000000000e+00 -2.372822682541430197e+02 -2.372822682541430197e+02 -2.372822682541430197e+02 -2.372822682541430197e+02 -2.372822682541430197e+02 -2.372822682541430197e+02 -2.372822682541430197e+02 -2.372822682541430197e+02 -2.372822682541430197e+02 -2.372822682541430197e+02
-1.919289764511950658e+00 -7.408227490668636506e+00 -2.390530311511930961e+02 -2.390530311511930961e+02 -2.390530311511930961e+02 -2.390530311511930961e+02 -2.390530311511930961e+02 -2.390530311511930961e+02 -2.390530311511930961e+02 -5.298014290322047515e+00 -1.661451314116746403e-01 -8.794521851788527300e+00 -2.390530311511930961e+02 -7.408227490668636506e+00 -2.390530311511930961e+02 -2.390530311511930961e+02 -2.390530311511930961e+02 -2.390530311511930961e+02 -2.390530311511930961e+02 -2.390530311511930961e+02 -2.390530311511930961e+02
-7.276210561456400328e+00 -2.382278670414209216e+02 -2.382278670414209216e+02 -2.382278670414209216e+02 -2.382278670414209216e+02 -2.382278670414209216e+02 -2.382278670414209216e+02 -2.382278670414209216e+02 -2.382278670414209216e+02 -2.382278670414209216e+02 -2.382278670414209216e+02 -2.382278670414209216e+02 -6.920415501108223566e-04 -2.382278670414209216e+02 -2.382278670414209216e+02 -2.382278670414209216e+02 -2.382278670414209216e+02 -2.382278670414209216e+02 -2.382278670414209216e+02 -2.382278670414209216e+02 -2.382278670414209216e+02
-1.419197762226835913e+00 -7.710025886560436525e+00 -2.395779730983991271e+02 -6.921568526196166360e+00 -2.395779730983991271e+02 -8.220851510326427913e+00 -2.395779730983991271e+02 -7.933169437874646235e+00 -2.395779730983991271e+02 -2.395779730983991271e+02 -2.395779730983991271e+02 -6.375024819828096767e+00 -2.889680539374168688e-01 -5.490822402505441957e+00 -2.395779730983991271e+02 -2.395779730983991271e+02 -2.395779730983991271e+02 -7.240022257314700838e+00 -2.395779730983991271e+02 -7.710025886560436525e+00 -2.395779730983991271e+02
-8.052296499538647012e+00 -2.383108057989432211e+02 -2.383108057989432211e+02 -2.383108057989432211e+02 -2.383108057989432211e+02 -2.383108057989432211e+02 -2.383108057989432211e+02 -2.383108057989432211e+02 -2.383108057989432211e+02 -2.383108057989432211e+02 -2.383108057989432211e+02 -2.383108057989432211e+02 -2.383108057989432211e+02 -2.383108057989432211e+02 -3.184206363471275836e-04 -2.383108057989432211e+02 -2.383108057989432211e+02 -2.383108057989432211e+02 -2.383108057989432211e+02 -2.383108057989432211e+02 -2.383108057989432211e+02
-1.003286129189929987e+00 -1.738534485768511217e+00 -2.389047990641552133e+02 -6.343704671756602131e+00 -2.389047990641552133e+02 -2.389047990641552133e+02 -2.389047990641552133e+02 -2.389047990641552133e+02 -2.389047990641552133e+02 -8.646289764750648033e+00 -2.389047990641552133e+02 -2.389047990641552133e+02 -2.389047990641552133e+02 -6.081340407289111738e+00 -7.926849516528111650e-01 -2.389047990641552133e+02 -2.389047990641552133e+02 -2.389047990641552133e+02 -2.389047990641552133e+02 -7.259995403630757238e+00 -2.389047990641552133e+02
-2.377733090598932506e+02 -2.377733090598932506e+02 -2.377733090598932506e+02 -2.377733090598932506e+02 -2.377733090598932506e+02 -2.377733090598932506e+02 -2.377733090598932506e+02 -2.377733090598932506e+02 -2.377733090598932506e+02 -2.377733090598932506e+02 -2.377733090598932506e+02 -2.377733090598932506e+02 -2.377733090598932506e+02 -2.377733090598932506e+02 -2.377733090598932506e+02 -2.377733090598932506e+02 0.000000000000000000e+00 -2.377733090598932506e+02 -2.377733090598932506e+02 -2.377733090598932506e+02 -2.377733090598932506e+02
-1.535934393101092255e+00 -6.612981452716598874e+00 -2.391740758451152260e+02 -2.391740758451152260e+02 -2.391740758451152260e+02 -2.391740758451152260e+02 -2.391740758451152260e+02 -8.915566545710644775e+00 -2.391740758451152260e+02 -2.391740758451152260e+02 -2.391740758451152260e+02 -7.816954257042534771e+00 -2.391740758451152260e+02 -3.602360566668857622e+00 -2.391740758451152260e+02 -7.529272184590753980e+00 -2.814796028229071823e-01 -2.391740758451152260e+02 -2.391740758451152260e+02 -7.816954257042534771e+00 -2.391740758451152260e+02
-2.375856325916638809e+02 -2.375856325916638809e+02 -2.375856325916638809e+02 -2.375856325916638809e+02 -2.375856325916638809e+02 -2.375856325916638809e+02 -2.375856325916638809e+02 -2.375856325916638809e+02 -2.375856325916638809e+02 -2.375856325916638809e+02 -2.375856325916638809e+02 -2.375856325916638809e+02 -2.375856325916638809e+02 -2.375856325916638809e+02 -2.375856325916638809e+02 -2.375856325916638809e+02 -2.375856325916638809e+02 -2.375856325916638809e+02 0.000000000000000000e+00 -2.375856325916638809e+02 -2.375856325916638809e+02
-1.285789907727605375e+00 -2.388153077454131790e+02 -2.388153077454131790e+02 -2.388153077454131790e+02 -2.388153077454131790e+02 -2.388153077454131790e+02 -2.388153077454131790e+02 -2.388153077454131790e+02 -2.388153077454131790e+02 -2.388153077454131790e+02 -2.388153077454131790e+02 -6.947360533574497232e+00 -2.388153077454131790e+02 -6.477356904328761544e+00 -2.388153077454131790e+02 -2.388153077454131790e+02 -2.388153077454131790e+02 -4.706650844298539305e+00 -3.396298502425274535e-01 -2.388153077454131790e+02 -2.388153077454131790e+02
-2.372964152628517525e+02 -2.372964152628517525e+02 -2.372964152628517525e+02 -7.037905963447181890e+00 -2.372964152628517525e+02 -2.372964152628517525e+02 -2.372964152628517525e+02 -2.372964152628517525e+02 -2.372964152628517525e+02 -2.372964152628517525e+02 -2.372964152628517525e+02 -2.372964152628517525e+02 -2.372964152628517525e+02 -2.372964152628517525e+02 -2.372964152628517525e+02 -2.372964152628517525e+02 -2.372964152628517525e+02 -2.372964152628517525e+02 -2.372964152628517525e+02 -2.372964152628517525e+02 -8.783487609056450651e-04
-1.979474517890406737e+00 -7.176865965848482354e+00 -2.390448131776871605e+02 -8.786303878282582858e+00 -2.390448131776871605e+02 -2.390448131776871605e+02 -2.390448131776871605e+02 -2.390448131776871605e+02 -2.390448131776871605e+02 -2.390448131776871605e+02 -2.390448131776871605e+02 -7.400009517162692063e+00 -2.390448131776871605e+02 -4.611916608386946059e+00 -2.390448131776871605e+02 -2.390448131776871605e+02 -2.390448131776871605e+02 -2.390448131776871605e+02 -2.390448131776871605e+02 -4.659169493237491189e+00 -1.732552012228243399e-01
