-4.262414135922227842e-01
-2.822570515357847754e+00
-2.395409842691399547e+02
-2.788721129883696470e+00
-2.395409842691399547e+02
-3.276121810133649781e+00
-2.395409842691399547e+02
-3.168792789903150720e+00
-2.395409842691399547e+02
-4.004360310504865517e+00
-2.395409842691399547e+02
-3.520423586955205408e+00
-2.395409842691399547e+02
-3.785306744442180182e+00
-2.395409842691399547e+02
-3.416006912802085793e+00
-2.395409842691399547e+02
-3.999271240997393839e+00
-2.395409842691399547e+02
-3.706525866589066354e+00
-2.395409842691399547e+02
